32 0
163 0
372 0
407 3
443 0
99 1
231 0
385 0
325 0
442 2
502 1
83 1
213 9
44 0
309 1
302 0
253 2
133 1
445 0
27 0
141 0
509 9
92 1
156 0
623 1
16 0
93 1
170 0
191 0
655 1
34 1
315 0
146 0
380 9
161 0
142 0
330 0
603 1
227 0
194 0
122 0
60 0
455 0
345 2
577 2
312 2
463 4
284 0
305 0
39 0
152 2
237 0
147 0
359 0
318 0
353 5
84 1
36 1
190 0
201 1
215 0
494 0
324 1
198 0
288 0
100 0
583 0
547 9
406 0
482 0
382 3
285 4
202 0
421 0
263 1
334 0
28 0
204 0
642 0
479 0
79 0
151 0
144 0
184 0
335 0
232 6
221 0
661 0
118 1
627 1
238 0
207 0
178 1
52 0
578 0
585 2
143 0
357 0
512 0
401 0
597 2
48 5
187 3
266 0
567 0
518 7
347 0
409 0
467 0
387 2
572 1
610 0
389 0
550 1
551 0
45 0
22 2
529 6
283 1
457 7
329 0
57 2
361 0
640 0
210 0
289 0
562 2
495 0
5 0
336 0
626 1
602 1
292 2
354 0
9 0
369 0
103 0
116 0
261 0
224 0
89 0
183 0
543 0
403 0
88 2
517 0
454 0
520 1
78 2
293 0
112 0
136 0
464 0
395 0
343 0
119 6
145 0
179 0
434 1
314 0
390 1
668 0
25 0
29 0
298 0
570 1
342 1
332 0
413 0
295 2
280 0
584 1
109 0
6 0
511 0
200 2
159 1
506 0
176 2
651 0
405 4
86 1
206 0
65 0
37 0
398 0
212 8
56 5
549 0
196 0
294 9
645 0
534 3
379 0
519 1
249 0
217 1
158 0
644 0
95 2
71 0
586 0
399 0
671 1
418 1
371 1
97 1
189 1
286 0
614 0
531 1
569 0
262 6
411 0
595 1
46 0
453 0
12 0
220 2
137 0
333 0
250 1
507 0
656 1
127 0
436 0
565 0
628 0
24 0
410 0
367 2
349 0
242 3
150 4
264 0
351 0
498 0
269 0
660 0
271 0
301 0
70 0
338 0
174 0
251 1
601 0
527 1
563 1
618 0
181 0
275 2
233 0
61 1
397 0
108 0
13 0
234 1
566 0
33 1
135 0
438 0
526 0
638 0
245 1
252 0
524 0
465 0
481 4
392 0
604 0
138 0
274 0
208 0
612 0
102 6
391 1
641 1
426 2
259 0
652 2
341 0
111 3
10 0
281 0
300 0
539 0
123 0
188 0
62 0
538 0
128 3
193 0
120 1
154 0
440 0
265 1
664 5
388 7
510 1
441 1
254 1
299 3
75 1
239 2
243 3
186 0
209 0
157 3
386 1
450 1
484 0
87 0
368 0
394 2
323 0
225 0
236 2
20 0
47 0
513 0
49 0
576 0
348 0
81 1
412 2
129 0
235 1
374 0
166 0
462 0
491 0
162 0
350 1
320 0
408 2
42 0
606 0
503 0
670 0
91 1
43 1
173 0
608 2
582 1
497 1
605 4
339 1
306 6
634 0
373 2
444 0
101 0
561 2
244 0
139 0
415 0
322 0
226 0
609 1
319 0
573 0
247 2
480 3
85 1
568 0
404 0
54 0
485 0
290 0
460 2
35 0
211 0
461 6
447 0
393 0
504 0
297 1
185 2
304 1
375 0
431 2
307 0
199 4
30 9
105 5
493 1
58 0
114 0
658 0
273 0
433 1
197 0
659 1
164 0
429 0
192 0
222 0
248 0
475 6
581 0
15 9
384 4
505 3
287 2
553 2
303 2
417 1
26 1
41 1
168 1
635 0
182 1
647 1
632 0
260 0
478 0
648 2
2 0
230 0
317 0
544 2
620 1
328 1
532 0
270 2
63 0
575 5
564 9
115 0
364 0
358 6
472 8
38 1
528 1
574 3
489 0
594 0
69 0
205 2
214 2
240 2
132 0
378 1
140 0
422 0
50 0
360 0
486 1
98 0
177 2
316 1
17 3
437 0
104 0
68 1
622 0
499 0
654 6
291 0
579 0
3 0
515 0
662 0
448 0
363 2
340 0
277 0
591 0
593 0
468 9
148 1
21 1
423 3
500 2
625 0
525 1
548 1
126 0
272 0
276 0
545 0
487 1
219 1
663 0
646 1
400 0
657 0
619 0
432 0
113 0
501 2
629 0
331 0
279 0
466 2
308 0
599 1
420 0
64 0
631 0
172 0
107 0
94 1
616 0
153 0
19 4
59 0
246 0
449 0
241 0
346 3
474 0
452 9
257 1
124 0
587 5
7 0
155 0
555 0
337 0
203 0
419 0
653 0
326 0
355 3
66 0
542 0
327 0
51 0
121 0
496 1
540 0
55 0
639 0
381 1
425 0
362 1
650 0
278 0
613 0
514 3
11 0
530 0
268 3
169 1
490 0
171 0
541 0
228 0
537 3
621 0
598 3
533 1
313 3
643 0
424 0
536 1
556 0
4 2
80 0
365 0
229 0
559 1
667 0
435 0
180 0
476 0
402 3
356 0
352 0
669 0
560 0
428 1
18 0
589 0
666 0
624 9
523 1
167 0
8 1
571 0
492 0
446 0
459 0
255 1
258 0
73 9
521 0
636 0
427 2
473 0
592 1
637 0
14 0
370 0
558 2
588 0
580 9
195 4
72 1
451 0
615 3
590 0
377 0
256 0
458 0
321 0
74 0
218 0
366 0
439 2
106 0
175 1
296 0
557 0
267 0
535 0
310 0
149 2
546 0
617 0
552 0
471 2
469 0
160 0
67 1
344 1
633 0
607 4
649 0
554 0
376 0
40 0
630 0
416 1
665 4
396 1
483 1
282 1
117 0
96 0
76 0
130 3
414 0
131 0
311 9
110 1
1 0
125 2
90 0
165 4
522 2
383 0
23 7
611 0
516 1
477 0
223 0
488 0
508 0
596 4
216 0
82 0
430 3
600 0
31 0
456 0
470 0
77 3
53 0
134 3
